Latency measurements between 2 sun3s.
Kbytes  seconds
0	0.000850
1024	0.001580
2048	0.002240
3072	0.002900
4096	0.003570
5120	0.004220
6144	0.004910
7168	0.005560
8192	0.006210
9216	0.006870
10240	0.007530
11264	0.008200
12288	0.008860
13312	0.009530
14336	0.010170
15360	0.010850
16384	0.011510
17408	0.012170
18432	0.012840
19456	0.013490
20480	0.014170
21504	0.014820
22528	0.015490
23552	0.016140
24576	0.016810
25600	0.017470
26624	0.018130
27648	0.018800
28672	0.019490
29696	0.020060
30720	0.020760
31744	0.021440
32768	0.022090

