Throughput measurements between 2 sun3s.  Times are measured from when
first packet is sent until last packet is sent, therefore the bandwidth
calculations for the receiver should compensate.

Bytes/packet	packets sent	packets received	seconds
0		1000		1000			0.370000
1024		1000		1000			0.540000
2048		1000		996			0.720000
3072		1000		1000			0.890000
4096		1000		1000			1.050000
5120		1000		996			1.220000
6144		1000		992			1.380000
7168		1000		1000			1.560000
8192		1000		1000			1.720000
9216		1000		1000			1.880000
10240		1000		1000			2.080000
11264		1000		1000			2.230000
12288		1000		999			2.390000
13312		1000		1000			2.550000
14336		1000		1000			2.710000
15360		1000		998			2.890000
16384		1000		998			3.040000
17408		1000		997			3.230000
18432		1000		1000			3.410000
19456		1000		1000			3.560000
20480		1000		998			3.730000
21504		1000		1000			3.920000
22528		1000		1000			4.070000
23552		1000		995			4.210000
24576		1000		1000			4.380000
25600		1000		1000			4.520000
26624		1000		999			4.700000
27648		1000		996			4.860000
28672		1000		989			5.030000
29696		1000		985			5.200000
30720		1000		994			5.360000
31744		1000		1000			5.520000
32768		1000		998			5.680000

