#!/sprite/cmds/csh -f

set tmpfile = /tmp/xg$$
onintr cleanup

cat << EOF > $tmpfile 
"send
  0.00 0.0000
  1.00 1.8084
  2.00 2.7127
  3.00 3.2918
  4.00 3.7202
  5.00 4.0023
  6.00 4.2459
  7.00 4.3820
  8.00 4.5422
  9.00 4.6750
 10.00 4.6950
 11.00 4.8171
 12.00 4.9032
 13.00 4.9786
 14.00 5.0450
 15.00 5.0687
 16.00 5.1398
 17.00 5.1398
 18.00 5.1549
 19.00 5.2120
 20.00 5.2363
 21.00 5.2316
 22.00 5.2787
 23.00 5.3351
 24.00 5.3510
 25.00 5.4013
 26.00 5.4023
 27.00 5.4253
 28.00 5.4361
 29.00 5.4462
 30.00 5.4658
 31.00 5.4843
 32.00 5.5018

"receive
  0.00 0.0000
  1.00 1.8084
  2.00 2.7018
  3.00 3.2918
  4.00 3.7202
  5.00 3.9863
  6.00 4.2120
  7.00 4.3820
  8.00 4.5422
  9.00 4.6750
 10.00 4.6950
 11.00 4.8171
 12.00 4.8983
 13.00 4.9786
 14.00 5.0450
 15.00 5.0585
 16.00 5.1295
 17.00 5.1244
 18.00 5.1549
 19.00 5.2120
 20.00 5.2258
 21.00 5.2316
 22.00 5.2787
 23.00 5.3085
 24.00 5.3510
 25.00 5.4013
 26.00 5.3969
 27.00 5.4036
 28.00 5.3763
 29.00 5.3645
 30.00 5.4330
 31.00 5.4843
 32.00 5.4908

EOF
xgraph -x "Kbytes per packet" -y "MB/sec" -t "Bandwidth" \
    $tmpfile
cleanup:
    rm -f $tmpfile

