sungremlinfile
1 148.0 43.0
VECTOR
148.0 65.0
148.0 59.0
148.0 62.0
151.0 62.0
145.0 62.0
*
6 0
0
VECTOR
161.3 81.1
161.3 75.1
161.3 78.1
164.3 78.1
158.3 78.1
*
6 0
0
VECTOR
174.6 97.2
174.6 91.2
174.6 94.2
177.6 94.2
171.6 94.2
*
6 0
0
VECTOR
187.8 113.9
187.8 107.9
187.8 110.9
190.8 110.9
184.8 110.9
*
6 0
0
VECTOR
201.1 128.6
201.1 122.6
201.1 125.6
204.1 125.6
198.1 125.6
*
6 0
0
VECTOR
214.4 143.4
214.4 137.4
214.4 140.4
217.4 140.4
211.4 140.4
*
6 0
0
VECTOR
227.7 159.7
227.7 153.7
227.7 156.7
230.7 156.7
224.7 156.7
*
6 0
0
VECTOR
241.0 176.2
241.0 170.2
241.0 173.2
244.0 173.2
238.0 173.2
*
6 0
0
VECTOR
254.2 191.6
254.2 185.6
254.2 188.6
257.2 188.6
251.2 188.6
*
6 0
0
VECTOR
267.5 206.9
267.5 200.9
267.5 203.9
270.5 203.9
264.5 203.9
*
6 0
0
VECTOR
280.8 220.6
280.8 214.6
280.8 217.6
283.8 217.6
277.8 217.6
*
6 0
0
VECTOR
294.1 236.4
294.1 230.4
294.1 233.4
297.1 233.4
291.1 233.4
*
6 0
0
VECTOR
307.4 253.9
307.4 247.9
307.4 250.9
310.4 250.9
304.4 250.9
*
6 0
0
VECTOR
320.6 267.0
320.6 261.0
320.6 264.0
323.6 264.0
317.6 264.0
*
6 0
0
VECTOR
333.9 281.4
333.9 275.4
333.9 278.4
336.9 278.4
330.9 278.4
*
6 0
0
VECTOR
347.2 301.0
347.2 295.0
347.2 298.0
350.2 298.0
344.2 298.0
*
6 0
0
VECTOR
360.5 331.2
360.5 325.2
360.5 328.2
363.5 328.2
357.5 328.2
*
6 0
0
VECTOR
373.8 293.2
373.8 287.2
373.8 290.2
376.8 290.2
370.8 290.2
*
6 0
0
VECTOR
148.0 62.0
161.3 78.1
174.6 94.2
187.8 110.9
201.1 125.6
214.4 140.4
227.7 156.7
241.0 173.2
254.2 188.6
267.5 203.9
280.8 217.6
294.1 233.4
307.4 250.9
320.6 264.0
333.9 278.4
347.2 298.0
360.5 328.2
373.8 290.2
*
5 0
0
CENTLEFT
378.76 295.17
378.76 288.17
398.76 288.17
418.76 288.17
*
1 2
5 par=1
VECTOR
148.0 82.1
148.0 76.1
148.0 79.1
151.0 79.1
145.0 79.1
*
6 0
0
VECTOR
161.3 111.2
161.3 105.2
161.3 108.2
164.3 108.2
158.3 108.2
*
6 0
0
VECTOR
174.6 137.1
174.6 131.1
174.6 134.1
177.6 134.1
171.6 134.1
*
6 0
0
VECTOR
187.8 157.1
187.8 151.1
187.8 154.1
190.8 154.1
184.8 154.1
*
6 0
0
VECTOR
201.1 179.4
201.1 173.4
201.1 176.4
204.1 176.4
198.1 176.4
*
6 0
0
VECTOR
214.4 200.0
214.4 194.0
214.4 197.0
217.4 197.0
211.4 197.0
*
6 0
0
VECTOR
227.7 214.8
227.7 208.8
227.7 211.8
230.7 211.8
224.7 211.8
*
6 0
0
VECTOR
241.0 234.2
241.0 228.2
241.0 231.2
244.0 231.2
238.0 231.2
*
6 0
0
VECTOR
254.2 245.4
254.2 239.4
254.2 242.4
257.2 242.4
251.2 242.4
*
6 0
0
VECTOR
267.5 263.7
267.5 257.7
267.5 260.7
270.5 260.7
264.5 260.7
*
6 0
0
VECTOR
280.8 275.1
280.8 269.1
280.8 272.1
283.8 272.1
277.8 272.1
*
6 0
0
VECTOR
294.1 296.0
294.1 290.0
294.1 293.0
297.1 293.0
291.1 293.0
*
6 0
0
VECTOR
307.4 304.9
307.4 298.9
307.4 301.9
310.4 301.9
304.4 301.9
*
6 0
0
VECTOR
320.6 318.8
320.6 312.8
320.6 315.8
323.6 315.8
317.6 315.8
*
6 0
0
VECTOR
333.9 331.7
333.9 325.7
333.9 328.7
336.9 328.7
330.9 328.7
*
6 0
0
VECTOR
347.2 346.5
347.2 340.5
347.2 343.5
350.2 343.5
344.2 343.5
*
6 0
0
VECTOR
360.5 359.3
360.5 353.3
360.5 356.3
363.5 356.3
357.5 356.3
*
6 0
0
VECTOR
373.8 367.2
373.8 361.2
373.8 364.2
376.8 364.2
370.8 364.2
*
6 0
0
VECTOR
148.0 79.1
161.3 108.2
174.6 134.1
187.8 154.1
201.1 176.4
214.4 197.0
227.7 211.8
241.0 231.2
254.2 242.4
267.5 260.7
280.8 272.1
294.1 293.0
307.4 301.9
320.6 315.8
333.9 328.7
347.2 343.5
360.5 356.3
373.8 364.2
*
5 0
0
CENTLEFT
378.76 369.18
378.76 362.18
398.76 362.18
418.76 362.18
*
1 2
5 par=2
VECTOR
148.0 97.9
148.0 91.9
148.0 94.9
151.0 94.9
145.0 94.9
*
6 0
0
VECTOR
161.3 137.3
161.3 131.3
161.3 134.3
164.3 134.3
158.3 134.3
*
6 0
0
VECTOR
174.6 169.0
174.6 163.0
174.6 166.0
177.6 166.0
171.6 166.0
*
6 0
0
VECTOR
187.8 190.3
187.8 184.3
187.8 187.3
190.8 187.3
184.8 187.3
*
6 0
0
VECTOR
201.1 213.3
201.1 207.3
201.1 210.3
204.1 210.3
198.1 210.3
*
6 0
0
VECTOR
214.4 232.0
214.4 226.0
214.4 229.0
217.4 229.0
211.4 229.0
*
6 0
0
VECTOR
227.7 246.5
227.7 240.5
227.7 243.5
230.7 243.5
224.7 243.5
*
6 0
0
VECTOR
241.0 265.1
241.0 259.1
241.0 262.1
244.0 262.1
238.0 262.1
*
6 0
0
VECTOR
254.2 274.2
254.2 268.2
254.2 271.2
257.2 271.2
251.2 271.2
*
6 0
0
VECTOR
267.5 285.4
267.5 279.4
267.5 282.4
270.5 282.4
264.5 282.4
*
6 0
0
VECTOR
280.8 298.3
280.8 292.3
280.8 295.3
283.8 295.3
277.8 295.3
*
6 0
0
VECTOR
294.1 307.4
294.1 301.4
294.1 304.4
297.1 304.4
291.1 304.4
*
6 0
0
VECTOR
307.4 317.5
307.4 311.5
307.4 314.5
310.4 314.5
304.4 314.5
*
6 0
0
VECTOR
320.6 332.5
320.6 326.5
320.6 329.5
323.6 329.5
317.6 329.5
*
6 0
0
VECTOR
333.9 338.4
333.9 332.4
333.9 335.4
336.9 335.4
330.9 335.4
*
6 0
0
VECTOR
347.2 350.4
347.2 344.4
347.2 347.4
350.2 347.4
344.2 347.4
*
6 0
0
VECTOR
360.5 362.4
360.5 356.4
360.5 359.4
363.5 359.4
357.5 359.4
*
6 0
0
VECTOR
373.8 370.2
373.8 364.2
373.8 367.2
376.8 367.2
370.8 367.2
*
6 0
0
VECTOR
148.0 94.9
161.3 134.3
174.6 166.0
187.8 187.3
201.1 210.3
214.4 229.0
227.7 243.5
241.0 262.1
254.2 271.2
267.5 282.4
280.8 295.3
294.1 304.4
307.4 314.5
320.6 329.5
333.9 335.4
347.2 347.4
360.5 359.4
373.8 367.2
*
5 0
0
CENTLEFT
378.76 372.20
378.76 365.20
398.76 365.20
418.76 365.20
*
1 2
5 par=3
VECTOR
148.0 113.6
148.0 107.6
148.0 110.6
151.0 110.6
145.0 110.6
*
6 0
0
VECTOR
161.3 159.4
161.3 153.4
161.3 156.4
164.3 156.4
158.3 156.4
*
6 0
0
VECTOR
174.6 189.8
174.6 183.8
174.6 186.8
177.6 186.8
171.6 186.8
*
6 0
0
VECTOR
187.8 213.1
187.8 207.1
187.8 210.1
190.8 210.1
184.8 210.1
*
6 0
0
VECTOR
201.1 239.4
201.1 233.4
201.1 236.4
204.1 236.4
198.1 236.4
*
6 0
0
VECTOR
214.4 253.6
214.4 247.6
214.4 250.6
217.4 250.6
211.4 250.6
*
6 0
0
VECTOR
227.7 267.7
227.7 261.7
227.7 264.7
230.7 264.7
224.7 264.7
*
6 0
0
VECTOR
241.0 287.2
241.0 281.2
241.0 284.2
244.0 284.2
238.0 284.2
*
6 0
0
VECTOR
254.2 292.1
254.2 286.1
254.2 289.1
257.2 289.1
251.2 289.1
*
6 0
0
VECTOR
267.5 302.1
267.5 296.1
267.5 299.1
270.5 299.1
264.5 299.1
*
6 0
0
VECTOR
280.8 313.3
280.8 307.3
280.8 310.3
283.8 310.3
277.8 310.3
*
6 0
0
VECTOR
294.1 322.9
294.1 316.9
294.1 319.9
297.1 319.9
291.1 319.9
*
6 0
0
VECTOR
307.4 332.0
307.4 326.0
307.4 329.0
310.4 329.0
304.4 329.0
*
6 0
0
VECTOR
320.6 337.8
320.6 331.8
320.6 334.8
323.6 334.8
317.6 334.8
*
6 0
0
VECTOR
333.9 348.8
333.9 342.8
333.9 345.8
336.9 345.8
330.9 345.8
*
6 0
0
VECTOR
347.2 355.0
347.2 349.0
347.2 352.0
350.2 352.0
344.2 352.0
*
6 0
0
VECTOR
360.5 366.1
360.5 360.1
360.5 363.1
363.5 363.1
357.5 363.1
*
6 0
0
VECTOR
373.8 372.6
373.8 366.6
373.8 369.6
376.8 369.6
370.8 369.6
*
6 0
0
VECTOR
148.0 110.6
161.3 156.4
174.6 186.8
187.8 210.1
201.1 236.4
214.4 250.6
227.7 264.7
241.0 284.2
254.2 289.1
267.5 299.1
280.8 310.3
294.1 319.9
307.4 329.0
320.6 334.8
333.9 345.8
347.2 352.0
360.5 363.1
373.8 369.6
*
5 0
0
CENTLEFT
378.76 374.65
378.76 367.65
398.76 367.65
418.76 367.65
*
1 2
5 par=4
VECTOR
148.0 128.9
148.0 122.9
148.0 125.9
151.0 125.9
145.0 125.9
*
6 0
0
VECTOR
161.3 176.2
161.3 170.2
161.3 173.2
164.3 173.2
158.3 173.2
*
6 0
0
VECTOR
174.6 213.2
174.6 207.2
174.6 210.2
177.6 210.2
171.6 210.2
*
6 0
0
VECTOR
187.8 232.8
187.8 226.8
187.8 229.8
190.8 229.8
184.8 229.8
*
6 0
0
VECTOR
201.1 250.5
201.1 244.5
201.1 247.5
204.1 247.5
198.1 247.5
*
6 0
0
VECTOR
214.4 267.9
214.4 261.9
214.4 264.9
217.4 264.9
211.4 264.9
*
6 0
0
VECTOR
227.7 281.5
227.7 275.5
227.7 278.5
230.7 278.5
224.7 278.5
*
6 0
0
VECTOR
241.0 300.3
241.0 294.3
241.0 297.3
244.0 297.3
238.0 297.3
*
6 0
0
VECTOR
254.2 306.3
254.2 300.3
254.2 303.3
257.2 303.3
251.2 303.3
*
6 0
0
VECTOR
267.5 309.8
267.5 303.8
267.5 306.8
270.5 306.8
264.5 306.8
*
6 0
0
VECTOR
280.8 322.1
280.8 316.1
280.8 319.1
283.8 319.1
277.8 319.1
*
6 0
0
VECTOR
294.1 326.9
294.1 320.9
294.1 323.9
297.1 323.9
291.1 323.9
*
6 0
0
VECTOR
307.4 332.3
307.4 326.3
307.4 329.3
310.4 329.3
304.4 329.3
*
6 0
0
VECTOR
320.6 340.1
320.6 334.1
320.6 337.1
323.6 337.1
317.6 337.1
*
6 0
0
VECTOR
333.9 349.5
333.9 343.5
333.9 346.5
336.9 346.5
330.9 346.5
*
6 0
0
VECTOR
347.2 357.1
347.2 351.1
347.2 354.1
350.2 354.1
344.2 354.1
*
6 0
0
VECTOR
360.5 361.1
360.5 355.1
360.5 358.1
363.5 358.1
357.5 358.1
*
6 0
0
VECTOR
373.8 374.5
373.8 368.5
373.8 371.5
376.8 371.5
370.8 371.5
*
6 0
0
VECTOR
148.0 125.9
161.3 173.2
174.6 210.2
187.8 229.8
201.1 247.5
214.4 264.9
227.7 278.5
241.0 297.3
254.2 303.3
267.5 306.8
280.8 319.1
294.1 323.9
307.4 329.3
320.6 337.1
333.9 346.5
347.2 354.1
360.5 358.1
373.8 371.5
*
5 0
0
CENTLEFT
378.76 376.51
378.76 369.51
398.76 369.51
418.76 369.51
*
1 2
5 par=5
VECTOR
148.0 229.1
148.0 223.1
148.0 226.1
151.0 226.1
145.0 226.1
*
6 0
0
VECTOR
161.3 274.2
161.3 268.2
161.3 271.2
164.3 271.2
158.3 271.2
*
6 0
0
VECTOR
174.6 299.2
174.6 293.2
174.6 296.2
177.6 296.2
171.6 296.2
*
6 0
0
VECTOR
187.8 305.7
187.8 299.7
187.8 302.7
190.8 302.7
184.8 302.7
*
6 0
0
VECTOR
201.1 324.0
201.1 318.0
201.1 321.0
204.1 321.0
198.1 321.0
*
6 0
0
VECTOR
214.4 336.3
214.4 330.3
214.4 333.3
217.4 333.3
211.4 333.3
*
6 0
0
VECTOR
227.7 333.6
227.7 327.6
227.7 330.6
230.7 330.6
224.7 330.6
*
6 0
0
VECTOR
241.0 338.5
241.0 332.5
241.0 335.5
244.0 335.5
238.0 335.5
*
6 0
0
VECTOR
254.2 347.1
254.2 341.1
254.2 344.1
257.2 344.1
251.2 344.1
*
6 0
0
VECTOR
267.5 352.6
267.5 346.6
267.5 349.6
270.5 349.6
264.5 349.6
*
6 0
0
VECTOR
280.8 350.3
280.8 344.3
280.8 347.3
283.8 347.3
277.8 347.3
*
6 0
0
VECTOR
294.1 356.5
294.1 350.5
294.1 353.5
297.1 353.5
291.1 353.5
*
6 0
0
VECTOR
307.4 353.2
307.4 347.2
307.4 350.2
310.4 350.2
304.4 350.2
*
6 0
0
VECTOR
320.6 355.8
320.6 349.8
320.6 352.8
323.6 352.8
317.6 352.8
*
6 0
0
VECTOR
333.9 360.8
333.9 354.8
333.9 357.8
336.9 357.8
330.9 357.8
*
6 0
0
VECTOR
347.2 365.7
347.2 359.7
347.2 362.7
350.2 362.7
344.2 362.7
*
6 0
0
VECTOR
360.5 365.6
360.5 359.6
360.5 362.6
363.5 362.6
357.5 362.6
*
6 0
0
VECTOR
373.8 375.5
373.8 369.5
373.8 372.5
376.8 372.5
370.8 372.5
*
6 0
0
VECTOR
148.0 226.1
161.3 271.2
174.6 296.2
187.8 302.7
201.1 321.0
214.4 333.3
227.7 330.6
241.0 335.5
254.2 344.1
267.5 349.6
280.8 347.3
294.1 353.5
307.4 350.2
320.6 352.8
333.9 357.8
347.2 362.7
360.5 362.6
373.8 372.5
*
5 0
0
CENTLEFT
378.76 377.50
378.76 370.50
402.76 370.50
426.76 370.50
*
1 2
6 par=16
VECTOR
148.0 287.8
148.0 281.8
148.0 284.8
151.0 284.8
145.0 284.8
*
6 0
0
VECTOR
161.3 318.1
161.3 312.1
161.3 315.1
164.3 315.1
158.3 315.1
*
6 0
0
VECTOR
174.6 329.8
174.6 323.8
174.6 326.8
177.6 326.8
171.6 326.8
*
6 0
0
VECTOR
187.8 333.8
187.8 327.8
187.8 330.8
190.8 330.8
184.8 330.8
*
6 0
0
VECTOR
201.1 344.8
201.1 338.8
201.1 341.8
204.1 341.8
198.1 341.8
*
6 0
0
VECTOR
214.4 353.3
214.4 347.3
214.4 350.3
217.4 350.3
211.4 350.3
*
6 0
0
VECTOR
227.7 350.4
227.7 344.4
227.7 347.4
230.7 347.4
224.7 347.4
*
6 0
0
VECTOR
241.0 350.6
241.0 344.6
241.0 347.6
244.0 347.6
238.0 347.6
*
6 0
0
VECTOR
254.2 356.9
254.2 350.9
254.2 353.9
257.2 353.9
251.2 353.9
*
6 0
0
VECTOR
267.5 360.7
267.5 354.7
267.5 357.7
270.5 357.7
264.5 357.7
*
6 0
0
VECTOR
280.8 358.9
280.8 352.9
280.8 355.9
283.8 355.9
277.8 355.9
*
6 0
0
VECTOR
294.1 359.4
294.1 353.4
294.1 356.4
297.1 356.4
291.1 356.4
*
6 0
0
VECTOR
307.4 358.2
307.4 352.2
307.4 355.2
310.4 355.2
304.4 355.2
*
6 0
0
VECTOR
320.6 356.5
320.6 350.5
320.6 353.5
323.6 353.5
317.6 353.5
*
6 0
0
VECTOR
333.9 362.6
333.9 356.6
333.9 359.6
336.9 359.6
330.9 359.6
*
6 0
0
VECTOR
347.2 366.4
347.2 360.4
347.2 363.4
350.2 363.4
344.2 363.4
*
6 0
0
VECTOR
360.5 366.1
360.5 360.1
360.5 363.1
363.5 363.1
357.5 363.1
*
6 0
0
VECTOR
373.8 377.0
373.8 371.0
373.8 374.0
376.8 374.0
370.8 374.0
*
6 0
0
VECTOR
148.0 284.8
161.3 315.1
174.6 326.8
187.8 330.8
201.1 341.8
214.4 350.3
227.7 347.4
241.0 347.6
254.2 353.9
267.5 357.7
280.8 355.9
294.1 356.4
307.4 355.2
320.6 353.5
333.9 359.6
347.2 363.4
360.5 363.1
373.8 374.0
*
5 0
0
CENTLEFT
378.76 379.01
378.76 372.01
402.76 372.01
426.76 372.01
*
1 2
6 par=32
VECTOR
148.0 64.7
148.0 58.7
148.0 61.7
151.0 61.7
145.0 61.7
*
6 0
0
VECTOR
161.3 83.0
161.3 77.0
161.3 80.0
164.3 80.0
158.3 80.0
*
6 0
0
VECTOR
174.6 100.8
174.6 94.8
174.6 97.8
177.6 97.8
171.6 97.8
*
6 0
0
VECTOR
187.8 117.8
187.8 111.8
187.8 114.8
190.8 114.8
184.8 114.8
*
6 0
0
VECTOR
201.1 134.2
201.1 128.2
201.1 131.2
204.1 131.2
198.1 131.2
*
6 0
0
VECTOR
214.4 149.9
214.4 143.9
214.4 146.9
217.4 146.9
211.4 146.9
*
6 0
0
VECTOR
227.7 165.2
227.7 159.2
227.7 162.2
230.7 162.2
224.7 162.2
*
6 0
0
VECTOR
241.0 180.0
241.0 174.0
241.0 177.0
244.0 177.0
238.0 177.0
*
6 0
0
VECTOR
254.2 194.8
254.2 188.8
254.2 191.8
257.2 191.8
251.2 191.8
*
6 0
0
VECTOR
267.5 209.9
267.5 203.9
267.5 206.9
270.5 206.9
264.5 206.9
*
6 0
0
VECTOR
280.8 225.4
280.8 219.4
280.8 222.4
283.8 222.4
277.8 222.4
*
6 0
0
VECTOR
294.1 241.9
294.1 235.9
294.1 238.9
297.1 238.9
291.1 238.9
*
6 0
0
VECTOR
307.4 259.9
307.4 253.9
307.4 256.9
310.4 256.9
304.4 256.9
*
6 0
0
VECTOR
320.6 280.1
320.6 274.1
320.6 277.1
323.6 277.1
317.6 277.1
*
6 0
0
VECTOR
333.9 303.2
333.9 297.2
333.9 300.2
336.9 300.2
330.9 300.2
*
6 0
0
VECTOR
347.2 330.7
347.2 324.7
347.2 327.7
350.2 327.7
344.2 327.7
*
6 0
0
VECTOR
360.5 364.2
360.5 358.2
360.5 361.2
363.5 361.2
357.5 361.2
*
6 0
0
VECTOR
373.8 406.7
373.8 400.7
373.8 403.7
376.8 403.7
370.8 403.7
*
6 0
0
VECTOR
148.0 61.7
161.3 80.0
174.6 97.8
187.8 114.8
201.1 131.2
214.4 146.9
227.7 162.2
241.0 177.0
254.2 191.8
267.5 206.9
280.8 222.4
294.1 238.9
307.4 256.9
320.6 277.1
333.9 300.2
347.2 327.7
360.5 361.2
373.8 403.7
*
4 0
0
CENTLEFT
378.76 408.75
378.76 401.75
390.76 401.75
402.76 401.75
*
1 2
3 L=1
VECTOR
148.0 81.3
148.0 75.3
148.0 78.3
151.0 78.3
145.0 78.3
*
6 0
0
VECTOR
161.3 112.3
161.3 106.3
161.3 109.3
164.3 109.3
158.3 109.3
*
6 0
0
VECTOR
174.6 139.4
174.6 133.4
174.6 136.4
177.6 136.4
171.6 136.4
*
6 0
0
VECTOR
187.8 163.2
187.8 157.2
187.8 160.2
190.8 160.2
184.8 160.2
*
6 0
0
VECTOR
201.1 184.1
201.1 178.1
201.1 181.1
204.1 181.1
198.1 181.1
*
6 0
0
VECTOR
214.4 202.7
214.4 196.7
214.4 199.7
217.4 199.7
211.4 199.7
*
6 0
0
VECTOR
227.7 219.4
227.7 213.4
227.7 216.4
230.7 216.4
224.7 216.4
*
6 0
0
VECTOR
241.0 234.6
241.0 228.6
241.0 231.6
244.0 231.6
238.0 231.6
*
6 0
0
VECTOR
254.2 248.8
254.2 242.8
254.2 245.8
257.2 245.8
251.2 245.8
*
6 0
0
VECTOR
267.5 262.3
267.5 256.3
267.5 259.3
270.5 259.3
264.5 259.3
*
6 0
0
VECTOR
280.8 275.5
280.8 269.5
280.8 272.5
283.8 272.5
277.8 272.5
*
6 0
0
VECTOR
294.1 288.5
294.1 282.5
294.1 285.5
297.1 285.5
291.1 285.5
*
6 0
0
VECTOR
307.4 301.9
307.4 295.9
307.4 298.9
310.4 298.9
304.4 298.9
*
6 0
0
VECTOR
320.6 315.7
320.6 309.7
320.6 312.7
323.6 312.7
317.6 312.7
*
6 0
0
VECTOR
333.9 330.5
333.9 324.5
333.9 327.5
336.9 327.5
330.9 327.5
*
6 0
0
VECTOR
347.2 346.5
347.2 340.5
347.2 343.5
350.2 343.5
344.2 343.5
*
6 0
0
VECTOR
360.5 364.2
360.5 358.2
360.5 361.2
363.5 361.2
357.5 361.2
*
6 0
0
VECTOR
373.8 384.2
373.8 378.2
373.8 381.2
376.8 381.2
370.8 381.2
*
6 0
0
VECTOR
148.0 78.3
161.3 109.3
174.6 136.4
187.8 160.2
201.1 181.1
214.4 199.7
227.7 216.4
241.0 231.6
254.2 245.8
267.5 259.3
280.8 272.5
294.1 285.5
307.4 298.9
320.6 312.7
333.9 327.5
347.2 343.5
360.5 361.2
373.8 381.2
*
4 0
0
CENTLEFT
378.76 386.16
378.76 379.16
390.76 379.16
402.76 379.16
*
1 2
3 L=2
VECTOR
148.0 96.1
148.0 90.1
148.0 93.1
151.0 93.1
145.0 93.1
*
6 0
0
VECTOR
161.3 136.0
161.3 130.0
161.3 133.0
164.3 133.0
158.3 133.0
*
6 0
0
VECTOR
174.6 168.2
174.6 162.2
174.6 165.2
177.6 165.2
171.6 165.2
*
6 0
0
VECTOR
187.8 194.5
187.8 188.5
187.8 191.5
190.8 191.5
184.8 191.5
*
6 0
0
VECTOR
201.1 216.3
201.1 210.3
201.1 213.3
204.1 213.3
198.1 213.3
*
6 0
0
VECTOR
214.4 234.6
214.4 228.6
214.4 231.6
217.4 231.6
211.4 231.6
*
6 0
0
VECTOR
227.7 250.4
227.7 244.4
227.7 247.4
230.7 247.4
224.7 247.4
*
6 0
0
VECTOR
241.0 264.3
241.0 258.3
241.0 261.3
244.0 261.3
238.0 261.3
*
6 0
0
VECTOR
254.2 276.7
254.2 270.7
254.2 273.7
257.2 273.7
251.2 273.7
*
6 0
0
VECTOR
267.5 288.2
267.5 282.2
267.5 285.2
270.5 285.2
264.5 285.2
*
6 0
0
VECTOR
280.8 299.0
280.8 293.0
280.8 296.0
283.8 296.0
277.8 296.0
*
6 0
0
VECTOR
294.1 309.4
294.1 303.4
294.1 306.4
297.1 306.4
291.1 306.4
*
6 0
0
VECTOR
307.4 319.7
307.4 313.7
307.4 316.7
310.4 316.7
304.4 316.7
*
6 0
0
VECTOR
320.6 330.2
320.6 324.2
320.6 327.2
323.6 327.2
317.6 327.2
*
6 0
0
VECTOR
333.9 340.9
333.9 334.9
333.9 337.9
336.9 337.9
330.9 337.9
*
6 0
0
VECTOR
347.2 352.2
347.2 346.2
347.2 349.2
350.2 349.2
344.2 349.2
*
6 0
0
VECTOR
360.5 364.2
360.5 358.2
360.5 361.2
363.5 361.2
357.5 361.2
*
6 0
0
VECTOR
373.8 377.2
373.8 371.2
373.8 374.2
376.8 374.2
370.8 374.2
*
6 0
0
VECTOR
148.0 93.1
161.3 133.0
174.6 165.2
187.8 191.5
201.1 213.3
214.4 231.6
227.7 247.4
241.0 261.3
254.2 273.7
267.5 285.2
280.8 296.0
294.1 306.4
307.4 316.7
320.6 327.2
333.9 337.9
347.2 349.2
360.5 361.2
373.8 374.2
*
4 0
0
CENTLEFT
378.76 379.25
378.76 372.25
390.76 372.25
402.76 372.25
*
1 2
3 L=3
VECTOR
148.0 109.5
148.0 103.5
148.0 106.5
151.0 106.5
145.0 106.5
*
6 0
0
VECTOR
161.3 155.7
161.3 149.7
161.3 152.7
164.3 152.7
158.3 152.7
*
6 0
0
VECTOR
174.6 190.5
174.6 184.5
174.6 187.5
177.6 187.5
171.6 187.5
*
6 0
0
VECTOR
187.8 217.3
187.8 211.3
187.8 214.3
190.8 214.3
184.8 214.3
*
6 0
0
VECTOR
201.1 238.6
201.1 232.6
201.1 235.6
204.1 235.6
198.1 235.6
*
6 0
0
VECTOR
214.4 256.0
214.4 250.0
214.4 253.0
217.4 253.0
211.4 253.0
*
6 0
0
VECTOR
227.7 270.5
227.7 264.5
227.7 267.5
230.7 267.5
224.7 267.5
*
6 0
0
VECTOR
241.0 282.9
241.0 276.9
241.0 279.9
244.0 279.9
238.0 279.9
*
6 0
0
VECTOR
254.2 293.8
254.2 287.8
254.2 290.8
257.2 290.8
251.2 290.8
*
6 0
0
VECTOR
267.5 303.6
267.5 297.6
267.5 300.6
270.5 300.6
264.5 300.6
*
6 0
0
VECTOR
280.8 312.7
280.8 306.7
280.8 309.7
283.8 309.7
277.8 309.7
*
6 0
0
VECTOR
294.1 321.3
294.1 315.3
294.1 318.3
297.1 318.3
291.1 318.3
*
6 0
0
VECTOR
307.4 329.7
307.4 323.7
307.4 326.7
310.4 326.7
304.4 326.7
*
6 0
0
VECTOR
320.6 338.0
320.6 332.0
320.6 335.0
323.6 335.0
317.6 335.0
*
6 0
0
VECTOR
333.9 346.4
333.9 340.4
333.9 343.4
336.9 343.4
330.9 343.4
*
6 0
0
VECTOR
347.2 355.1
347.2 349.1
347.2 352.1
350.2 352.1
344.2 352.1
*
6 0
0
VECTOR
360.5 364.2
360.5 358.2
360.5 361.2
363.5 361.2
357.5 361.2
*
6 0
0
VECTOR
373.8 373.9
373.8 367.9
373.8 370.9
376.8 370.9
370.8 370.9
*
6 0
0
VECTOR
148.0 106.5
161.3 152.7
174.6 187.5
187.8 214.3
201.1 235.6
214.4 253.0
227.7 267.5
241.0 279.9
254.2 290.8
267.5 300.6
280.8 309.7
294.1 318.3
307.4 326.7
320.6 335.0
333.9 343.4
347.2 352.1
360.5 361.2
373.8 370.9
*
4 0
0
CENTLEFT
378.76 375.90
378.76 368.90
390.76 368.90
402.76 368.90
*
1 2
3 L=4
VECTOR
148.0 121.6
148.0 115.6
148.0 118.6
151.0 118.6
145.0 118.6
*
6 0
0
VECTOR
161.3 172.2
161.3 166.2
161.3 169.2
164.3 169.2
158.3 169.2
*
6 0
0
VECTOR
174.6 208.2
174.6 202.2
174.6 205.2
177.6 205.2
171.6 205.2
*
6 0
0
VECTOR
187.8 234.8
187.8 228.8
187.8 231.8
190.8 231.8
184.8 231.8
*
6 0
0
VECTOR
201.1 255.2
201.1 249.2
201.1 252.2
204.1 252.2
198.1 252.2
*
6 0
0
VECTOR
214.4 271.3
214.4 265.3
214.4 268.3
217.4 268.3
211.4 268.3
*
6 0
0
VECTOR
227.7 284.5
227.7 278.5
227.7 281.5
230.7 281.5
224.7 281.5
*
6 0
0
VECTOR
241.0 295.6
241.0 289.6
241.0 292.6
244.0 292.6
238.0 292.6
*
6 0
0
VECTOR
254.2 305.2
254.2 299.2
254.2 302.2
257.2 302.2
251.2 302.2
*
6 0
0
VECTOR
267.5 313.8
267.5 307.8
267.5 310.8
270.5 310.8
264.5 310.8
*
6 0
0
VECTOR
280.8 321.6
280.8 315.6
280.8 318.6
283.8 318.6
277.8 318.6
*
6 0
0
VECTOR
294.1 328.9
294.1 322.9
294.1 325.9
297.1 325.9
291.1 325.9
*
6 0
0
VECTOR
307.4 336.0
307.4 330.0
307.4 333.0
310.4 333.0
304.4 333.0
*
6 0
0
VECTOR
320.6 342.9
320.6 336.9
320.6 339.9
323.6 339.9
317.6 339.9
*
6 0
0
VECTOR
333.9 349.8
333.9 343.8
333.9 346.8
336.9 346.8
330.9 346.8
*
6 0
0
VECTOR
347.2 356.9
347.2 350.9
347.2 353.9
350.2 353.9
344.2 353.9
*
6 0
0
VECTOR
360.5 364.2
360.5 358.2
360.5 361.2
363.5 361.2
357.5 361.2
*
6 0
0
VECTOR
373.8 371.9
373.8 365.9
373.8 368.9
376.8 368.9
370.8 368.9
*
6 0
0
VECTOR
148.0 118.6
161.3 169.2
174.6 205.2
187.8 231.8
201.1 252.2
214.4 268.3
227.7 281.5
241.0 292.6
254.2 302.2
267.5 310.8
280.8 318.6
294.1 325.9
307.4 333.0
320.6 339.9
333.9 346.8
347.2 353.9
360.5 361.2
373.8 368.9
*
4 0
0
CENTLEFT
378.76 373.92
378.76 366.92
390.76 366.92
402.76 366.92
*
1 2
3 L=5
VECTOR
148.0 204.8
148.0 198.8
148.0 201.8
151.0 201.8
145.0 201.8
*
6 0
0
VECTOR
161.3 261.7
161.3 255.7
161.3 258.7
164.3 258.7
158.3 258.7
*
6 0
0
VECTOR
174.6 290.7
174.6 284.7
174.6 287.7
177.6 287.7
171.6 287.7
*
6 0
0
VECTOR
187.8 308.1
187.8 302.1
187.8 305.1
190.8 305.1
184.8 305.1
*
6 0
0
VECTOR
201.1 319.6
201.1 313.6
201.1 316.6
204.1 316.6
198.1 316.6
*
6 0
0
VECTOR
214.4 327.9
214.4 321.9
214.4 324.9
217.4 324.9
211.4 324.9
*
6 0
0
VECTOR
227.7 334.1
227.7 328.1
227.7 331.1
230.7 331.1
224.7 331.1
*
6 0
0
VECTOR
241.0 339.1
241.0 333.1
241.0 336.1
244.0 336.1
238.0 336.1
*
6 0
0
VECTOR
254.2 343.1
254.2 337.1
254.2 340.1
257.2 340.1
251.2 340.1
*
6 0
0
VECTOR
267.5 346.5
267.5 340.5
267.5 343.5
270.5 343.5
264.5 343.5
*
6 0
0
VECTOR
280.8 349.6
280.8 343.6
280.8 346.6
283.8 346.6
277.8 346.6
*
6 0
0
VECTOR
294.1 352.3
294.1 346.3
294.1 349.3
297.1 349.3
291.1 349.3
*
6 0
0
VECTOR
307.4 354.8
307.4 348.8
307.4 351.8
310.4 351.8
304.4 351.8
*
6 0
0
VECTOR
320.6 357.2
320.6 351.2
320.6 354.2
323.6 354.2
317.6 354.2
*
6 0
0
VECTOR
333.9 359.6
333.9 353.6
333.9 356.6
336.9 356.6
330.9 356.6
*
6 0
0
VECTOR
347.2 361.9
347.2 355.9
347.2 358.9
350.2 358.9
344.2 358.9
*
6 0
0
VECTOR
360.5 364.2
360.5 358.2
360.5 361.2
363.5 361.2
357.5 361.2
*
6 0
0
VECTOR
373.8 366.6
373.8 360.6
373.8 363.6
376.8 363.6
370.8 363.6
*
6 0
0
VECTOR
148.0 201.8
161.3 258.7
174.6 287.7
187.8 305.1
201.1 316.6
214.4 324.9
227.7 331.1
241.0 336.1
254.2 340.1
267.5 343.5
280.8 346.6
294.1 349.3
307.4 351.8
320.6 354.2
333.9 356.6
347.2 358.9
360.5 361.2
373.8 363.6
*
4 0
0
CENTLEFT
378.76 368.60
378.76 361.60
394.76 361.60
410.76 361.60
*
1 2
4 L=16
VECTOR
148.0 257.9
148.0 251.9
148.0 254.9
151.0 254.9
145.0 254.9
*
6 0
0
VECTOR
161.3 303.1
161.3 297.1
161.3 300.1
164.3 300.1
158.3 300.1
*
6 0
0
VECTOR
174.6 322.6
174.6 316.6
174.6 319.6
177.6 319.6
171.6 319.6
*
6 0
0
VECTOR
187.8 333.4
187.8 327.4
187.8 330.4
190.8 330.4
184.8 330.4
*
6 0
0
VECTOR
201.1 340.3
201.1 334.3
201.1 337.3
204.1 337.3
198.1 337.3
*
6 0
0
VECTOR
214.4 345.0
214.4 339.0
214.4 342.0
217.4 342.0
211.4 342.0
*
6 0
0
VECTOR
227.7 348.4
227.7 342.4
227.7 345.4
230.7 345.4
224.7 345.4
*
6 0
0
VECTOR
241.0 351.1
241.0 345.1
241.0 348.1
244.0 348.1
238.0 348.1
*
6 0
0
VECTOR
254.2 353.3
254.2 347.3
254.2 350.3
257.2 350.3
251.2 350.3
*
6 0
0
VECTOR
267.5 355.1
267.5 349.1
267.5 352.1
270.5 352.1
264.5 352.1
*
6 0
0
VECTOR
280.8 356.7
280.8 350.7
280.8 353.7
283.8 353.7
277.8 353.7
*
6 0
0
VECTOR
294.1 358.1
294.1 352.1
294.1 355.1
297.1 355.1
291.1 355.1
*
6 0
0
VECTOR
307.4 359.5
307.4 353.5
307.4 356.5
310.4 356.5
304.4 356.5
*
6 0
0
VECTOR
320.6 360.7
320.6 354.7
320.6 357.7
323.6 357.7
317.6 357.7
*
6 0
0
VECTOR
333.9 361.9
333.9 355.9
333.9 358.9
336.9 358.9
330.9 358.9
*
6 0
0
VECTOR
347.2 363.1
347.2 357.1
347.2 360.1
350.2 360.1
344.2 360.1
*
6 0
0
VECTOR
360.5 364.2
360.5 358.2
360.5 361.2
363.5 361.2
357.5 361.2
*
6 0
0
VECTOR
373.8 365.4
373.8 359.4
373.8 362.4
376.8 362.4
370.8 362.4
*
6 0
0
VECTOR
148.0 254.9
161.3 300.1
174.6 319.6
187.8 330.4
201.1 337.3
214.4 342.0
227.7 345.4
241.0 348.1
254.2 350.3
267.5 352.1
280.8 353.7
294.1 355.1
307.4 356.5
320.6 357.7
333.9 358.9
347.2 360.1
360.5 361.2
373.8 362.4
*
4 0
0
CENTLEFT
378.76 367.41
378.76 360.41
394.76 360.41
410.76 360.41
*
1 2
4 L=32
VECTOR
148.0 43.0
480.0 43.0
*
3 0
0
VECTOR
148.0 43.0
148.0 450.0
*
3 0
0
VECTOR
148.0 43.0
148.0 39.0
*
3 0
0
VECTOR
148.0 43.0
148.0 450.0
*
1 0
0
