name R
internalname ““;;X°111b*Æ	ì
ligatures ff fl fi ffl ffi 0
spacewidth 98
# char	width	u/d	octal
charset
 	 176	 2	074
!	 176	 2	075
"	 176	 2	076
#	  78	 2	077
$	 176	 2	0100
%	 137	 2	0101
&	 127	 2	0102
'	 127	 2	0103
(	 137	 2	0104
)	 127	 2	0105
*	 118	 2	0106
+	 137	 2	0107
,	 147	 2	0110
-	  69	 2	0111
.	  98	 2	0112
/	 147	 2	0113
0	 118	 2	0114
1	 167	 2	0115
2	 147	 2	0116
3	 137	 2	0117
4	 118	 2	0120
rb	"
5	 137	 2	0121
6	 127	 2	0122
7	 108	 2	0123
8	 118	 2	0124
9	 147	 2	0125
:	 137	 2	0126
;	 176	 2	0127
<	 137	 2	0130
=	 137	 2	0131
>	 108	 2	0132
?	  59	 2	0133
@	  49	 2	0134
A	  59	 2	0135
B	  88	 2	0136
C	  98	 0	0137
D	  98	 0	0141
E	  98	 2	0142
F	  78	 0	0143
18	"
38	"
G	  98	 2	0144
H	  88	 0	0145
I	  59	 2	0146
J	  98	 1	0147
K	 108	 2	0150
L	  59	 2	0151
M	  49	 3	0152
N	 108	 2	0153
O	  59	 2	0154
78	"
P	 157	 0	0155
Q	 108	 0	0156
r	"
S	  88	 0	0157
T	  98	 1	0160
U	  98	 1	0161
V	  78	 0	0162
W	  78	 0	0163
X	  69	 2	0164
Y	 108	 0	0165
Z	  98	 0	0166
[	 137	 0	0167
uj	"
\	  98	 0	0170
]	  98	 1	0171
^	  78	 0	0172
_	  59	 2	0173
lb	"
`	  39	 2	0174
a	  59	 2	0175
b	  88	 2	0176
c	  49	 2	0241
d	  78	 0	0242
\-	"
e	  98	 2	0243
f	  98	 2	0244
g	  39	 2	0251
h	  78	 2	0252
i	  88	 2	0253
j	  59	 0	0260
k	  39	 2	0271
l	  78	 2	0272
m	  88	 2	0273
n	  98	 2	0274
o	  98	 2	0275
p	  98	 2	0276
s	  78	 2	0277
t	  88	 2	0305
u	  88	 2	0306
R	  88	 0	0310
v	  88	 2	0312
w	  88	 1	0313
x	  88	 2	0315
y	  88	 2	0317
z	  98	 0	0322
{	  98	 0	0323
|	  98	 2	0334
}	  98	 2	0335
~	  98	 2	0336
	  98	 2	0337
ru	 176	 2	0341
I!	  49	 3	0345
ct	 157	 2	0346
po	 137	 2	0351
lq	 176	 2	0352
d<	 137	 0	0361
de	  59	 0	0365
rq	  98	 1	0366
ij	  88	 0	0371
o/	 147	 0	0372
mi	  59	 0	0377
lc	  59	 0	0377
lf	 176	 0	0377
rc	 176	 0	0377
d>	 132	 0	0377
rf	  39	 2	0377
14	  88	 0	0377
12	  49	 0	0377
34	  98	 2	0377
I?	  98	 2	0377
ma	 117	 2	0377
be	 166	 2	0377
dt	 166	 2	0377
um	 108	 2	0377
ri	 108	 2	0377
oe	   0	 0	00
hy	   2	33	01
ap	   2	34	02
cd	   2	35	03
ga	   2	37	0136
''	   2	38	04
ru	"
og	   2	40	05
hc	   2	41	0143
AE	   2	42	06
IJ	   2	43	07
O/	   0	44	010
OE	   0	46	011
ae	   2	47	012
ui	   2	48	0203
bv	   0	 0	00
