name B
spacewidth 6
# char	width	u/d	octal
charset
\|	   6	 3	00
\^	   0	 3	00
!	   6	 3	041
"	   6	 3	042
#	   6	 3	043
$	   6	 3	044
%	   6	 3	045
&	   6	 3	046
'	   6	 3	047
(	   6	 3	050
)	   6	 3	051
*	   6	 3	052
+	   6	 3	053
,	   6	 3	054
-	   6	 3	055
.	   6	 3	056
/	   6	 3	057
0	   6	 3	060
1	   6	 3	061
2	   6	 3	062
3	   6	 3	063
4	   6	 3	064
5	   6	 3	065
6	   6	 3	066
7	   6	 3	067
8	   6	 3	070
9	   6	 3	071
:	   6	 3	072
;	   6	 3	073
<	   6	 3	074
=	   6	 3	075
>	   6	 3	076
?	   6	 3	077
@	   6	 3	0100
A	   6	 3	0101
B	   6	 3	0102
C	   6	 3	0103
D	   6	 3	0104
E	   6	 3	0105
F	   6	 3	0106
G	   6	 3	0107
H	   6	 3	0110
I	   6	 3	0111
J	   6	 3	0112
K	   6	 3	0113
L	   6	 3	0114
M	   6	 3	0115
N	   6	 3	0116
O	   6	 3	0117
P	   6	 3	0120
Q	   6	 3	0121
R	   6	 3	0122
S	   6	 3	0123
T	   6	 3	0124
U	   6	 3	0125
V	   6	 3	0126
W	   6	 3	0127
X	   6	 3	0130
Y	   6	 3	0131
Z	   6	 3	0132
[	   6	 3	0133
\	   6	 3	0134
]	   6	 3	0135
^	   6	 3	0136
_	   6	 3	0137
`	   6	 3	0140
a	   6	 3	0141
b	   6	 3	0142
c	   6	 3	0143
d	   6	 3	0144
e	   6	 3	0145
f	   6	 3	0146
g	   6	 3	0147
h	   6	 3	0150
i	   6	 3	0151
j	   6	 3	0152
k	   6	 3	0153
l	   6	 3	0154
m	   6	 3	0155
n	   6	 3	0156
o	   6	 3	0157
p	   6	 3	0160
q	   6	 3	0161
r	   6	 3	0162
s	   6	 3	0163
t	   6	 3	0164
u	   6	 3	0165
v	   6	 3	0166
w	   6	 3	0167
x	   6	 3	0170
y	   6	 3	0171
z	   6	 3	0172
{	   6	 3	0173
|	   6	 3	0174
}	   6	 3	0175
~	   6	 3	0176
