# Rpc Echo Test: N = 100, Host = piracy (9), all sizes
# sprited.srv.011 (w/ packet filter priority 1 & UX server eating
# Sprite packets) to sprite 1.114.
0	0.003750 
0	0.003437 
0	0.003593 
0	0.003437 
0	0.003593 
0	0.003437 
0	0.003593 
0	0.003437 
0	0.003437 
0	0.003437 
400	0.004218 
400	0.004218 
400	0.004218 
400	0.004375 
400	0.004062 
400	0.004062 
400	0.004218 
400	0.004218 
400	0.004218 
400	0.004218 
800	0.005000 
800	0.005000 
800	0.005000 
800	0.005312 
800	0.005000 
800	0.005312 
800	0.004843 
800	0.005625 
800	0.005000 
800	0.005156 
1200	0.007031 
1200	0.007343 
1200	0.007343 
1200	0.007031 
1200	0.007187 
1200	0.007031 
1200	0.007031 
1200	0.007343 
1200	0.007343 
1200	0.007031 
1450	0.009687 
1450	0.010937 
1450	0.010312 
1450	0.009843 
1450	0.009531 
1450	0.009375 
1450	0.009218 
1450	0.009218 
1450	0.009218 
1450	0.009687 
1850	0.010000 
1850	0.010000 
1850	0.009843 
1850	0.010000 
1850	0.010156 
1850	0.010156 
1850	0.010000 
1850	0.009843 
1850	0.010000 
1850	0.010312 
2250	0.011406 
2250	0.011406 
2250	0.011406 
2250	0.011718 
2250	0.011718 
2250	0.011406 
2250	0.011562 
2250	0.011562 
2250	0.011562 
2250	0.011406 
2650	0.012812 
2650	0.013125 
2650	0.012500 
2650	0.012656 
2650	0.012500 
2650	0.012812 
2650	0.012656 
2650	0.013125 
2650	0.012968 
2650	0.012968 
2900	0.015312 
2900	0.015156 
2900	0.015625 
2900	0.015312 
2900	0.015156 
2900	0.015468 
2900	0.016250 
2900	0.016093 
2900	0.017343 
2900	0.015781 
3300	0.016250 
3300	0.016093 
3300	0.015625 
3300	0.015625 
3300	0.016718 
3300	0.015937 
3300	0.015937 
3300	0.017187 
3300	0.017343 
3300	0.016875 
3700	0.016406 
3700	0.016562 
3700	0.016250 
3700	0.016562 
3700	0.017031 
3700	0.016250 
3700	0.016250 
3700	0.016562 
3700	0.016406 
3700	0.016406 
4100	0.018593 
4100	0.017656 
4100	0.017656 
4100	0.017656 
4100	0.016875 
4100	0.018281 
4100	0.017187 
4100	0.017187 
4100	0.019062 
4100	0.018281 
4350	0.019531 
4350	0.019687 
4350	0.020156 
4350	0.020156 
4350	0.020000 
4350	0.019687 
4350	0.019687 
4350	0.019375 
4350	0.019531 
4350	0.024375 
4750	0.022031 
4750	0.020781 
4750	0.020781 
4750	0.020937 
4750	0.021093 
4750	0.021406 
4750	0.021875 
4750	0.021718 
4750	0.021562 
4750	0.021406 
5150	0.022343 
5150	0.022343 
5150	0.022187 
5150	0.022500 
5150	0.022187 
5150	0.023125 
5150	0.022187 
5150	0.022031 
5150	0.024531 
5150	0.024062 
5550	0.023750 
5550	0.022812 
5550	0.022812 
5550	0.023125 
5550	0.023125 
5550	0.022812 
5550	0.022812 
5550	0.022968 
5550	0.022968 
5550	0.023281 
5800	0.025937 
5800	0.025625 
5800	0.025625 
5800	0.025781 
5800	0.025000 
5800	0.025312 
5800	0.025156 
5800	0.025312 
5800	0.025937 
5800	0.027031 
6200	0.026406 
6200	0.026406 
6200	0.027187 
6200	0.025937 
6200	0.026250 
6200	0.029218 
6200	0.027656 
6200	0.026562 
6200	0.026250 
6200	0.027500 
6600	0.027343 
6600	0.027031 
6600	0.027500 
6600	0.027031 
6600	0.027500 
6600	0.027187 
6600	0.027812 
6600	0.027500 
6600	0.026562 
6600	0.026562 
7000	0.028281 
7000	0.027812 
7000	0.027812 
7000	0.027656 
7000	0.027656 
7000	0.027968 
7000	0.029062 
7000	0.028281 
7000	0.028750 
7000	0.028593 
7250	0.032500 
7250	0.031250 
7250	0.030625 
7250	0.038125 
7250	0.035468 
7250	0.031250 
7250	0.031093 
7250	0.031718 
7250	0.031250 
7250	0.031718 
7650	0.032500 
7650	0.033281 
7650	0.031250 
7650	0.032500 
7650	0.031562 
7650	0.031562 
7650	0.031875 
7650	0.032968 
7650	0.032968 
7650	0.032500 
8050	0.032187 
8050	0.032031 
8050	0.031875 
8050	0.032031 
8050	0.032187 
8050	0.032187 
8050	0.032343 
8050	0.033125 
8050	0.032343 
8050	0.032656 
8450	0.032968 
8450	0.032656 
8450	0.032656 
8450	0.032812 
8450	0.033281 
8450	0.034375 
8450	0.033125 
8450	0.033437 
8450	0.032968 
8450	0.032812 
8700	0.035468 
8700	0.036093 
8700	0.036250 
8700	0.036250 
8700	0.035937 
8700	0.036718 
8700	0.036250 
8700	0.036093 
8700	0.036093 
8700	0.036406 
9100	0.037968 
9100	0.036718 
9100	0.036406 
9100	0.036250 
9100	0.036093 
9100	0.035781 
9100	0.035937 
9100	0.036093 
9100	0.035781 
9100	0.038593 
9500	0.037812 
9500	0.037187 
9500	0.037500 
9500	0.036718 
9500	0.037187 
9500	0.037187 
9500	0.036875 
9500	0.037031 
9500	0.039062 
9500	0.038281 
9900	0.038906 
9900	0.038750 
9900	0.038125 
9900	0.038281 
9900	0.039062 
9900	0.038281 
9900	0.039218 
9900	0.038281 
9900	0.039062 
9900	0.038750 
10150	0.040781 
10150	0.041406 
10150	0.040781 
10150	0.040937 
10150	0.041406 
10150	0.043906 
10150	0.041562 
10150	0.040781 
10150	0.040937 
10150	0.040781 
10550	0.041718 
10550	0.041406 
10550	0.042187 
10550	0.041406 
10550	0.041562 
10550	0.041406 
10550	0.041406 
10550	0.041875 
10550	0.041250 
10550	0.041562 
10950	0.044062 
10950	0.042812 
10950	0.042343 
10950	0.043437 
10950	0.044375 
10950	0.043437 
10950	0.042031 
10950	0.043750 
10950	0.042812 
10950	0.042187 
11350	0.042968 
11350	0.043906 
11350	0.045312 
11350	0.043437 
11350	0.042968 
11350	0.043437 
11350	0.043437 
11350	0.043437 
11350	0.049375 
11350	0.044843 
11600	0.045625 
11600	0.045625 
11600	0.045468 
11600	0.045625 
11600	0.045781 
11600	0.046718 
11600	0.047187 
11600	0.046718 
11600	0.045781 
11600	0.045625 
12000	0.046718 
12000	0.047500 
12000	0.046875 
12000	0.046718 
12000	0.047031 
12000	0.048437 
12000	0.046562 
12000	0.046718 
12000	0.046875 
12000	0.046406 
12400	0.050781 
12400	0.049062 
12400	0.048906 
12400	0.048281 
12400	0.049375 
12400	0.047812 
12400	0.048125 
12400	0.047656 
12400	0.047812 
12400	0.047812 
12800	0.048750 
12800	0.048437 
12800	0.048437 
12800	0.048593 
12800	0.048593 
12800	0.048750 
12800	0.049062 
12800	0.048437 
12800	0.048906 
12800	0.048437 
13050	0.050781 
13050	0.050781 
13050	0.052968 
13050	0.051093 
13050	0.050625 
13050	0.050781 
13050	0.050781 
13050	0.051875 
13050	0.051250 
13050	0.051562 
13450	0.052031 
13450	0.051562 
13450	0.051875 
13450	0.052656 
13450	0.052968 
13450	0.051875 
13450	0.052812 
13450	0.052656 
13450	0.051562 
13450	0.052500 
13850	0.052656 
13850	0.052812 
13850	0.054375 
13850	0.053281 
13850	0.052656 
13850	0.052343 
13850	0.052500 
13850	0.053125 
13850	0.054062 
13850	0.052968 
14250	0.054375 
14250	0.054843 
14250	0.054218 
14250	0.057031 
14250	0.055781 
14250	0.057812 
14250	0.055156 
14250	0.055781 
14250	0.056093 
14250	0.055781 
14500	0.057968 
14500	0.059218 
14500	0.056875 
14500	0.056562 
14500	0.057031 
14500	0.055937 
14500	0.056406 
14500	0.056562 
14500	0.056718 
14500	0.056406 
14900	0.058125 
14900	0.057031 
14900	0.057031 
14900	0.057656 
14900	0.057187 
14900	0.059218 
14900	0.057343 
14900	0.057187 
14900	0.057343 
14900	0.057031 
15300	0.058437 
15300	0.057812 
15300	0.058437 
15300	0.058437 
15300	0.057968 
15300	0.058125 
15300	0.058125 
15300	0.058593 
15300	0.058906 
15300	0.059375 
15700	0.060625 
15700	0.061562 
15700	0.061875 
15700	0.061406 
15700	0.064062 
15700	0.061406 
15700	0.060937 
15700	0.060937 
15700	0.060937
15700	0.062812
15950	0.061875 
15950	0.061406 
15950	0.072968 
15950	0.061562 
15950	0.070625 
15950	0.062500 
15950	0.061406 
15950	0.061250 
15950	0.062343 
15950	0.062187 
16350	0.062656 
16350	0.066093 
16350	0.064843 
16350	0.065156 
16350	0.067656 
16350	0.066250 
16350	0.067343 
16350	0.064687 
16350	0.061875 
16350	0.061718 
