# Rpc Echo Test: N = 100, Host = subversion (90), all sizes
# sprited srv.010
0	0.003437 
0	0.003437 
0	0.003437 
0	0.003593 
0	0.003437 
0	0.003593 
0	0.003593 
0	0.003437 
0	0.003593 
0	0.003593 
400	0.004218 
400	0.004375 
400	0.004062 
400	0.004062 
400	0.004062 
400	0.004218 
400	0.004218 
400	0.004218 
400	0.004218 
400	0.004062 
800	0.006406 
800	0.006562 
800	0.006250 
800	0.005781 
800	0.005625 
800	0.006406 
800	0.005937 
800	0.006093 
800	0.005625 
800	0.005781 
1200	0.007031 
1200	0.007031 
1200	0.007031 
1200	0.007031 
1200	0.007031 
1200	0.007031 
1200	0.007187 
1200	0.007031 
1200	0.007031 
1200	0.007031 
1450	0.009218 
1450	0.009375 
1450	0.009687 
1450	0.009218 
1450	0.010156 
1450	0.009218 
1450	0.009531 
1450	0.009531 
1450	0.009375 
1450	0.009375 
1850	0.010156 
1850	0.010312 
1850	0.010312 
1850	0.010156 
1850	0.010312 
1850	0.010156 
1850	0.010312 
1850	0.010625 
1850	0.010156 
1850	0.010312 
2250	0.012031 
2250	0.012343 
2250	0.012187 
2250	0.012187 
2250	0.012343 
2250	0.012343 
2250	0.012031 
2250	0.012031 
2250	0.012187 
2250	0.012343 
2650	0.012812 
2650	0.012968 
2650	0.012812 
2650	0.012968 
2650	0.012812 
2650	0.012656 
2650	0.012812 
2650	0.013125 
2650	0.012812 
2650	0.012812 
2900	0.014843 
2900	0.015156 
2900	0.015156 
2900	0.015000 
2900	0.015312 
2900	0.015156 
2900	0.015156 
2900	0.015156 
2900	0.015000 
2900	0.015156 
3300	0.016093 
3300	0.015781 
3300	0.015625 
3300	0.015625 
3300	0.015937 
3300	0.015625 
3300	0.015625 
3300	0.016250 
3300	0.015625 
3300	0.015937 
3700	0.016406 
3700	0.016718 
3700	0.017500 
3700	0.017343 
3700	0.016406 
3700	0.016250 
3700	0.016562 
3700	0.016250 
3700	0.016406 
3700	0.016562 
4100	0.017031 
4100	0.017031 
4100	0.017187 
4100	0.017031 
4100	0.017500 
4100	0.017187 
4100	0.017187 
4100	0.017187 
4100	0.017187 
4100	0.017187 
4350	0.020156 
4350	0.019687 
4350	0.019687 
4350	0.019687 
4350	0.019687 
4350	0.020000 
4350	0.019687 
4350	0.019687 
4350	0.019687 
4350	0.019687 
4750	0.021562 
4750	0.021093 
4750	0.023281 
4750	0.021250 
4750	0.020937 
4750	0.021250 
4750	0.021093 
4750	0.021718 
4750	0.024218 
4750	0.021250 
5150	0.022031 
5150	0.022343 
5150	0.022031 
5150	0.022031 
5150	0.022187 
5150	0.022031 
5150	0.022187 
5150	0.022031 
5150	0.022187 
5150	0.022343 
5550	0.022968 
5550	0.023125 
5550	0.022968 
5550	0.022812 
5550	0.022812 
5550	0.022812 
5550	0.022656 
5550	0.022968 
5550	0.022656 
5550	0.022968 
5800	0.025000 
5800	0.025156 
5800	0.025000 
5800	0.025312 
5800	0.024843 
5800	0.025156 
5800	0.025000 
5800	0.025156 
5800	0.024843 
5800	0.025156 
6200	0.025625 
6200	0.025937 
6200	0.025625 
6200	0.025937 
6200	0.025625 
6200	0.025781 
6200	0.025625 
6200	0.025781 
6200	0.025781 
6200	0.025781 
6600	0.026718 
6600	0.026406 
6600	0.026562 
6600	0.026718 
6600	0.026562 
6600	0.026562 
6600	0.026875 
6600	0.026562 
6600	0.026718 
6600	0.026250 
7000	0.027812 
7000	0.027500 
7000	0.027656 
7000	0.027500 
7000	0.027343 
7000	0.027812 
7000	0.027656 
7000	0.027343 
7000	0.027187 
7000	0.027656 
7250	0.030781 
7250	0.031250 
7250	0.030781 
7250	0.030625 
7250	0.030781 
7250	0.030781 
7250	0.030625 
7250	0.030937 
7250	0.030625 
7250	0.030781 
7650	0.031718 
7650	0.031562 
7650	0.031562 
7650	0.031406 
7650	0.031250 
7650	0.031562 
7650	0.031562 
7650	0.031250 
7650	0.031562 
7650	0.031406 
8050	0.032343 
8050	0.032031 
8050	0.032031 
8050	0.032187 
8050	0.032187 
8050	0.032031 
8050	0.032343 
8050	0.032187 
8050	0.032031 
8050	0.032187 
8450	0.032968 
8450	0.032656 
8450	0.032812 
8450	0.033125 
8450	0.032812 
8450	0.033125 
8450	0.032812 
8450	0.032812 
8450	0.032812 
8450	0.032812 
8700	0.035000 
8700	0.035312 
8700	0.035312 
8700	0.035156 
8700	0.035468 
8700	0.035156 
8700	0.035156 
8700	0.035312 
8700	0.035156 
8700	0.035312 
9100	0.035937 
9100	0.036250 
9100	0.035937 
9100	0.036093 
9100	0.036250 
9100	0.036093 
9100	0.036093 
9100	0.035937 
9100	0.036406 
9100	0.036250 
9500	0.037500 
9500	0.037343 
9500	0.037343 
9500	0.037187 
9500	0.037500 
9500	0.036875 
9500	0.037187 
9500	0.037343 
9500	0.037343 
9500	0.037031 
9900	0.038281 
9900	0.038281 
9900	0.038593 
9900	0.038281 
9900	0.038437 
9900	0.038593 
9900	0.038593 
9900	0.038437 
9900	0.038281 
9900	0.038437 
10150	0.041406 
10150	0.041406 
10150	0.041406 
10150	0.040781 
10150	0.041093 
10150	0.040937 
10150	0.041093 
10150	0.041250 
10150	0.040937 
10150	0.040781 
10550	0.041718 
10550	0.041718 
10550	0.041562 
10550	0.041562 
10550	0.041406 
10550	0.041250 
10550	0.041718 
10550	0.041562 
10550	0.041562 
10550	0.041718 
10950	0.042343 
10950	0.042031 
10950	0.043281 
10950	0.043281 
10950	0.043437 
10950	0.042656 
10950	0.042500 
10950	0.042343 
10950	0.042031 
10950	0.042187 
11350	0.042968 
11350	0.042968 
11350	0.042812 
11350	0.043125 
11350	0.043125 
11350	0.042812 
11350	0.042968 
11350	0.043125 
11350	0.043125 
11350	0.043125 
11600	0.045781 
11600	0.045937 
11600	0.045937 
11600	0.045781 
11600	0.045781 
11600	0.045937 
11600	0.045937 
11600	0.046093 
11600	0.045625 
11600	0.045781 
12000	0.047031 
12000	0.047343 
12000	0.047031 
12000	0.047031 
12000	0.047031 
12000	0.047500 
12000	0.047187 
12000	0.047031 
12000	0.046875 
12000	0.047031 
12400	0.047656 
12400	0.047656 
12400	0.047968 
12400	0.047968 
12400	0.047968 
12400	0.047968 
12400	0.047968 
12400	0.048437 
12400	0.048750 
12400	0.047656 
12800	0.048593 
12800	0.048593 
12800	0.048437 
12800	0.048593 
12800	0.048593 
12800	0.048593 
12800	0.048437 
12800	0.048750 
12800	0.048750 
12800	0.048437 
13050	0.050625 
13050	0.050781 
13050	0.050781 
13050	0.050781 
13050	0.051093 
13050	0.050937 
13050	0.051093 
13050	0.050937 
13050	0.051093 
13050	0.051093 
13450	0.052031 
13450	0.051562 
13450	0.051718 
13450	0.051718 
13450	0.051718 
13450	0.051875 
13450	0.051718 
13450	0.051718 
13450	0.051562 
13450	0.051406 
13850	0.056250 
13850	0.052656 
13850	0.052812 
13850	0.052656 
13850	0.052656 
13850	0.052656 
13850	0.052500 
13850	0.052812 
13850	0.052500 
13850	0.052500 
14250	0.053750 
14250	0.053906 
14250	0.054218 
14250	0.054218 
14250	0.053750 
14250	0.054062 
14250	0.053750 
14250	0.054843 
14250	0.053906 
14250	0.053593 
14500	0.056562 
14500	0.056250 
14500	0.056718 
14500	0.056562 
14500	0.056562 
14500	0.056406 
14500	0.056406 
14500	0.056406 
14500	0.056406 
14500	0.056718 
14900	0.057187 
14900	0.057343 
14900	0.057343 
14900	0.057500 
14900	0.057343 
14900	0.057031 
14900	0.057187 
14900	0.057343 
14900	0.057343 
14900	0.057343 
15300	0.057812 
15300	0.057812 
15300	0.057812 
15300	0.057968 
15300	0.058437 
15300	0.057968 
15300	0.057812 
15300	0.057656 
15300	0.058125 
15300	0.057968 
15700	0.058750 
15700	0.059218 
15700	0.058750 
15700	0.058750 
15700	0.059062 
15700	0.058906 
15700	0.058750 
15700	0.058750 
15700	0.058750 
15700	0.058906 
15950	0.061250 
15950	0.061250 
15950	0.061093 
15950	0.061406 
15950	0.061718 
15950	0.061250 
15950	0.061562 
15950	0.061250 
15950	0.061250 
15950	0.061250 
16350	0.062500 
16350	0.062812 
16350	0.063750 
16350	0.062812 
16350	0.063125 
16350	0.062656 
16350	0.062343 
16350	0.062187 
16350	0.062968 
16350	0.062343 
